1721074044124 1 0
1721074290685 2 0
1721074537250 3 0
1721074783850 4 0
1721075030108 5 0
1721075276595 6 0
1721075523214 7 0
1721075769499 8 0
1721076016216 9 0
1721076263020 10 0
1721076509172 11 0
1721076755813 12 0
1721077002033 13 0
1721077248667 14 0
1721077494840 15 0
1721077741383 16 0
1721077987708 17 0
1721078233872 18 0
1721078480214 19 0
1721078726349 20 0
1721078972429 21 0
1721079218578 22 0
1721079464685 23 0
1721079710724 24 0
1721079956871 25 0
1721080203062 26 0
1721080449150 27 0
1721080695302 28 0
1721080941425 29 0
1721081187870 30 0
1721081434021 31 0
1721081680193 32 0
1721081926372 33 0
1721082172599 34 0
1721082418731 35 0
1721082664924 36 0
1721082911069 37 0
1721083157333 38 0
1721083403620 39 0
1721083649908 40 0
1721083896203 41 0
1721084142488 42 0
1721084388756 43 0
1721084635053 44 0
