1721074044124 0.01 0
1721074290685 0.01 0
1721074537250 0.01 0
1721074783850 0.01 0
1721075030108 0.01 0
1721075276595 0.01 0
1721075523214 0.01 0
1721075769499 0.01 0
1721076016216 0.01 0
1721076263020 0.01 0
1721076509172 0.01 0
1721076755813 0.01 0
1721077002033 0.01 0
1721077248667 0.01 0
1721077494840 0.01 0
1721077741383 0.01 0
1721077987708 0.01 0
1721078233872 0.01 0
1721078480214 0.01 0
1721078726349 0.01 0
1721078972429 0.01 0
1721079218578 0.01 0
1721079464685 0.01 0
1721079710724 0.01 0
1721079956871 0.01 0
1721080203062 0.01 0
1721080449150 0.01 0
1721080695302 0.005 0
1721080941425 0.005 0
1721081187870 0.005 0
1721081434021 0.005 0
1721081680193 0.005 0
1721081926372 0.005 0
1721082172599 0.005 0
1721082418731 0.005 0
1721082664924 0.005 0
1721082911069 0.0025 0
1721083157333 0.0025 0
1721083403620 0.0025 0
1721083649908 0.0025 0
1721083896203 0.0025 0
1721084142488 0.0025 0
1721084388756 0.0025 0
1721084635053 0.0025 0
