1721074044124 64.93566131591797 0
1721074290685 66.95771789550781 0
1721074537250 68.40532684326172 0
1721074783850 63.94761276245117 0
1721075030108 73.046875 0
1721075276595 74.28768157958984 0
1721075523214 75.57445526123047 0
1721075769499 78.17095184326172 0
1721076016216 76.93014526367188 0
1721076263020 73.23070526123047 0
1721076509172 78.88327026367188 0
1721076755813 79.27389526367188 0
1721077002033 82.28401184082031 0
1721077248667 79.36580657958984 0
1721077494840 83.4788589477539 0
1721077741383 81.66360473632812 0
1721077987708 74.54044342041016 0
1721078233872 86.0523910522461 0
1721078480214 86.328125 0
1721078726349 83.984375 0
1721078972429 87.29320526123047 0
1721079218578 91.45220184326172 0
1721079464685 86.94853210449219 0
1721079710724 89.49907684326172 0
1721079956871 91.5211410522461 0
1721080203062 87.59191131591797 0
1721080449150 91.63603210449219 0
1721080695302 96.92095184326172 0
1721080941425 93.72702026367188 0
1721081187870 97.70220184326172 0
1721081434021 98.4375 0
1721081680193 97.90901184082031 0
1721081926372 98.4375 0
1721082172599 98.27665710449219 0
1721082418731 99.01195526123047 0
1721082664924 99.24172973632812 0
1721082911069 99.56342315673828 0
1721083157333 99.90808868408203 0
1721083403620 99.97702026367188 0
1721083649908 99.90808868408203 0
1721083896203 99.93106842041016 0
1721084142488 99.90808868408203 0
1721084388756 99.93106842041016 0
1721084635053 99.65532684326172 0
