1721074044124 0.05356563189450432 0
1721074290685 0.05219112774905037 0
1721074537250 0.052010536193847656 0
1721074783850 0.053212481386521286 0
1721075030108 0.04651727395899156 0
1721075276595 0.049642485730788284 0
1721075523214 0.045953925918130314 0
1721075769499 0.04260349624297198 0
1721076016216 0.04067053514368394 0
1721076263020 0.04523110039093915 0
1721076509172 0.03877665014827952 0
1721076755813 0.038265291382284725 0
1721077002033 0.03623381782980526 0
1721077248667 0.044558300691492414 0
1721077494840 0.03339260115342982 0
1721077741383 0.03382838824216057 0
1721077987708 0.03970880368176628 0
1721078233872 0.02880600971334121 0
1721078480214 0.02683865322786219 0
1721078726349 0.029269793454338524 0
1721078972429 0.0248241407029769 0
1721079218578 0.0207160308080561 0
1721079464685 0.027232082451091093 0
1721079710724 0.01999254962977241 0
1721079956871 0.02058895195231718 0
1721080203062 0.02337062358856201 0
1721080449150 0.0181063571396996 0
1721080695302 0.009064470143879162 0
1721080941425 0.0121153663186466 0
1721081187870 0.006571897689033957 0
1721081434021 0.004677758497350356 0
1721081680193 0.004706378368770375 0
1721081926372 0.00500736604718601 0
1721082172599 0.004956013139556436 0
1721082418731 0.003058243323774899 0
1721082664924 0.002716368612121133 0
1721082911069 0.0012376584550913643 0
1721083157333 0.0006943338495843551 0
1721083403620 0.0006124393685775645 0
1721083649908 0.0004763578009956023 0
1721083896203 0.0005920968730660045 0
1721084142488 0.0008310630150577601 0
1721084388756 0.0006598347578855121 0
1721084635053 0.0010223480708458845 0
