1721123127754 1 0
1721123215412 2 0
1721123339732 3 0
1721123464347 4 0
1721123588578 5 0
1721123683058 6 0
1721123777189 7 0
1721123901467 8 0
1721123989173 9 0
1721124082131 10 0
1721124206429 11 0
1721124291685 12 0
1721124404189 13 0
1721124513512 14 0
1721124597482 15 0
1721124716404 16 0
1721124817054 17 0
1721124901290 18 0
1721125025224 19 0
1721125121486 20 0
1721125205452 21 0
1721125329224 22 0
1721125431522 23 0
1721125515417 24 0
1721125634642 25 0
1721125744196 26 0
1721125828150 27 0
1721125947395 28 0
1721126053921 29 0
1721126137884 30 0
1721126255376 31 0
1721126370876 32 0
1721126454783 33 0
1721126567933 34 0
1721126684745 35 0
1721126768645 36 0
1721126883832 37 0
1721126996103 38 0
1721127079987 39 0
1721127201282 40 0
1721127325601 41 0
1721127449932 42 0
1721127574293 43 0
1721127698594 44 0
1721127804304 45 0
1721127888201 46 0
1721128011708 47 0
1721128124373 48 0
1721128208263 49 0
1721128330408 50 0
1721128441279 51 0
