1721123127754 0.01 0
1721123215412 0.01 0
1721123339732 0.01 0
1721123464347 0.01 0
1721123588578 0.01 0
1721123683058 0.01 0
1721123777189 0.01 0
1721123901467 0.01 0
1721123989173 0.01 0
1721124082131 0.01 0
1721124206429 0.01 0
1721124291685 0.01 0
1721124404189 0.01 0
1721124513512 0.01 0
1721124597482 0.01 0
1721124716404 0.01 0
1721124817054 0.01 0
1721124901290 0.01 0
1721125025224 0.01 0
1721125121486 0.01 0
1721125205452 0.01 0
1721125329224 0.01 0
1721125431522 0.005 0
1721125515417 0.005 0
1721125634642 0.005 0
1721125744196 0.005 0
1721125828150 0.005 0
1721125947395 0.005 0
1721126053921 0.005 0
1721126137884 0.005 0
1721126255376 0.005 0
1721126370876 0.005 0
1721126454783 0.005 0
1721126567933 0.005 0
1721126684745 0.005 0
1721126768645 0.005 0
1721126883832 0.005 0
1721126996103 0.005 0
1721127079987 0.005 0
1721127201282 0.0025 0
1721127325601 0.0025 0
1721127449932 0.0025 0
1721127574293 0.0025 0
1721127698594 0.0025 0
1721127804304 0.0025 0
1721127888201 0.0025 0
1721128011708 0.0025 0
1721128124373 0.0025 0
1721128208263 0.00125 0
1721128330408 0.00125 0
1721128441279 0.00125 0
