1721123127754 57.16911697387695 0
1721123215412 60.3400764465332 0
1721123339732 65.53308868408203 0
1721123464347 67.32536315917969 0
1721123588578 62.27021789550781 0
1721123683058 63.97058868408203 0
1721123777189 70.45036315917969 0
1721123901467 68.84191131591797 0
1721123989173 71.18566131591797 0
1721124082131 73.62133026123047 0
1721124206429 77.57353210449219 0
1721124291685 69.66911315917969 0
1721124404189 79.36580657958984 0
1721124513512 80.60661315917969 0
1721124597482 74.08088684082031 0
1721124716404 78.44669342041016 0
1721124817054 80.88235473632812 0
1721124901290 78.76838684082031 0
1721125025224 80.05514526367188 0
1721125121486 68.15258026123047 0
1721125205452 81.38786315917969 0
1721125329224 83.73161315917969 0
1721125431522 86.30514526367188 0
1721125515417 86.9944839477539 0
1721125634642 89.20036315917969 0
1721125744196 86.58088684082031 0
1721125828150 81.34191131591797 0
1721125947395 89.43014526367188 0
1721126053921 87.27021789550781 0
1721126137884 90.48713684082031 0
1721126255376 93.56617736816406 0
1721126370876 93.2444839477539 0
1721126454783 89.01654815673828 0
1721126567933 92.04963684082031 0
1721126684745 93.65808868408203 0
1721126768645 93.93383026123047 0
1721126883832 92.87683868408203 0
1721126996103 95.3125 0
1721127079987 97.10478210449219 0
1721127201282 98.7132339477539 0
1721127325601 99.17279815673828 0
1721127449932 98.34558868408203 0
1721127574293 98.11580657958984 0
1721127698594 97.84008026123047 0
1721127804304 99.58639526367188 0
1721127888201 97.42646789550781 0
1721128011708 99.35661315917969 0
1721128124373 99.54044342041016 0
1721128208263 99.67830657958984 0
1721128330408 99.4944839477539 0
1721128441279 100.0 0
