1721123127754 0.056798430050120634 0
1721123215412 0.05491150477353264 0
1721123339732 0.05214638219160192 0
1721123464347 0.0497363946017097 0
1721123588578 0.054315889582914466 0
1721123683058 0.053530061946195716 0
1721123777189 0.05008725559010225 0
1721123901467 0.047938132987302894 0
1721123989173 0.05597200814415427 0
1721124082131 0.0466493333087248 0
1721124206429 0.04271966569563922 0
1721124291685 0.0492405610926011 0
1721124404189 0.03898852011736702 0
1721124513512 0.038012245122124165 0
1721124597482 0.04395125893985524 0
1721124716404 0.03952565964530496 0
1721124817054 0.03748238787931554 0
1721124901290 0.03763477591907277 0
1721125025224 0.03585150662590476 0
1721125121486 0.053297368919148165 0
1721125205452 0.03496647932950188 0
1721125329224 0.03049893238965203 0
1721125431522 0.025923436178880578 0
1721125515417 0.025183437501682955 0
1721125634642 0.023659187204697552 0
1721125744196 0.026609965983559105 0
1721125828150 0.032716919394100416 0
1721125947395 0.02289810952018289 0
1721126053921 0.024303141762228572 0
1721126137884 0.02107135337941787 0
1721126255376 0.014023197047850666 0
1721126370876 0.01707022330340217 0
1721126454783 0.021626398843877456 0
1721126567933 0.0162180854993708 0
1721126684745 0.01617931969025556 0
1721126768645 0.013385620187310612 0
1721126883832 0.015372400774675258 0
1721126996103 0.010313866769566256 0
1721127079987 0.009262745871263392 0
1721127201282 0.0046840800958521224 0
1721127325601 0.00313538356738932 0
1721127449932 0.004004974575603709 0
1721127574293 0.005327344817273757 0
1721127698594 0.005602705566322102 0
1721127804304 0.0023896269061986137 0
1721127888201 0.007525340599172255 0
1721128011708 0.0025631193729007944 0
1721128124373 0.001615364761913524 0
1721128208263 0.0013905357131186653 0
1721128330408 0.0013802243287072463 0
1721128441279 0.00025950500960735716 0
