1721042757988 1 0
1721042808748 2 0
1721042859447 3 0
1721042910085 4 0
1721042983206 5 0
1721043058999 6 0
1721043134668 7 0
1721043210524 8 0
1721043286447 9 0
1721043362129 10 0
1721043437821 11 0
1721043513484 12 0
1721043589400 13 0
1721043665357 14 0
1721043741101 15 0
1721043816819 16 0
1721043892780 17 0
1721043968520 18 0
1721044044262 19 0
1721044120013 20 0
1721044195738 21 0
1721044271461 22 0
1721044347182 23 0
1721044422920 24 0
1721044498630 25 0
1721044574380 26 0
1721044650126 27 0
1721044725872 28 0
1721044801609 29 0
1721044877619 30 0
1721044953368 31 0
1721045029116 32 0
1721045104876 33 0
1721045180619 34 0
1721045256373 35 0
1721045332132 36 0
1721045407894 37 0
1721045483665 38 0
1721045559423 39 0
