1721042757988 0.01 0
1721042808748 0.01 0
1721042859447 0.01 0
1721042910085 0.01 0
1721042983206 0.01 0
1721043058999 0.01 0
1721043134668 0.01 0
1721043210524 0.01 0
1721043286447 0.01 0
1721043362129 0.01 0
1721043437821 0.01 0
1721043513484 0.01 0
1721043589400 0.01 0
1721043665357 0.01 0
1721043741101 0.01 0
1721043816819 0.01 0
1721043892780 0.01 0
1721043968520 0.01 0
1721044044262 0.01 0
1721044120013 0.01 0
1721044195738 0.01 0
1721044271461 0.01 0
1721044347182 0.005 0
1721044422920 0.005 0
1721044498630 0.005 0
1721044574380 0.005 0
1721044650126 0.005 0
1721044725872 0.005 0
1721044801609 0.005 0
1721044877619 0.005 0
1721044953368 0.005 0
1721045029116 0.0025 0
1721045104876 0.0025 0
1721045180619 0.0025 0
1721045256373 0.0025 0
1721045332132 0.0025 0
1721045407894 0.0025 0
1721045483665 0.0025 0
1721045559423 0.0025 0
