1721042757988 0.027106538469940974 0
1721042808748 0.026907968345163492 0
1721042859447 0.026827518350523775 0
1721042910085 0.026918499232218274 0
1721042983206 0.027173017663709352 0
1721043058999 0.026906796487055143 0
1721043134668 0.02678081118312709 0
1721043210524 0.024877928279862634 0
1721043286447 0.03448746037219284 0
1721043362129 0.02336851169262425 0
1721043437821 0.02230521057804572 0
1721043513484 0.020585046043255232 0
1721043589400 0.018284878607605658 0
1721043665357 0.02110601791156614 0
1721043741101 0.01584065180423075 0
1721043816819 0.01581843400793322 0
1721043892780 0.014149357911845415 0
1721043968520 0.0134284962587251 0
1721044044262 0.02077217031668913 0
1721044120013 0.01699234198820107 0
1721044195738 0.009418407489452855 0
1721044271461 0.014860177831896117 0
1721044347182 0.004749104105678432 0
1721044422920 0.004325293966764894 0
1721044498630 0.002329150689044122 0
1721044574380 0.003608110865983576 0
1721044650126 0.0028289890817170655 0
1721044725872 0.002356181505421431 0
1721044801609 0.0014687158524770139 0
1721044877619 0.0016406987865912519 0
1721044953368 0.0017471660987037575 0
1721045029116 0.0007271541220675535 0
1721045104876 0.0003214248102089576 0
1721045180619 0.00017531955704037995 0
1721045256373 0.0002804881862168822 0
1721045332132 0.00016696561416576708 0
1721045407894 8.268209648528223e-05 0
1721045483665 0.0001314428954546742 0
1721045559423 0.00023222656927425483 0
