1721042757988 48.89299011230469 0
1721042808748 49.53874588012695 0
1721042859447 50.553504943847656 0
1721042910085 52.16790008544922 0
1721042983206 57.97970199584961 0
1721043058999 55.166053771972656 0
1721043134668 57.70295333862305 0
1721043210524 62.31549835205078 0
1721043286447 58.210330963134766 0
1721043362129 70.47970581054688 0
1721043437821 68.40406036376953 0
1721043513484 74.90775299072266 0
1721043589400 78.13653564453125 0
1721043665357 69.60332489013672 0
1721043741101 81.73431396484375 0
1721043816819 83.02583312988281 0
1721043892780 83.90221405029297 0
1721043968520 85.42435455322266 0
1721044044262 84.5479736328125 0
1721044120013 79.65867614746094 0
1721044195738 90.17527770996094 0
1721044271461 84.31734466552734 0
1721044347182 95.24908447265625 0
1721044422920 95.94095611572266 0
1721044498630 98.47785949707031 0
1721044574380 96.40221405029297 0
1721044650126 97.27860260009766 0
1721044725872 98.15498352050781 0
1721044801609 99.35424041748047 0
1721044877619 98.38560485839844 0
1721044953368 98.89299011230469 0
1721045029116 99.63099670410156 0
1721045104876 99.9538803100586 0
1721045180619 99.90775299072266 0
1721045256373 99.86161804199219 0
1721045332132 99.90775299072266 0
1721045407894 100.0 0
1721045483665 99.9538803100586 0
1721045559423 99.9538803100586 0
