1721068003736 1 0
1721068154377 2 0
1721068305027 3 0
1721068455347 4 0
1721068605983 5 0
1721068756435 6 0
1721068906735 7 0
1721069057292 8 0
1721069207699 9 0
1721069358091 10 0
1721069508502 11 0
1721069658822 12 0
1721069809070 13 0
1721069959326 14 0
1721070109851 15 0
1721070260098 16 0
1721070410525 17 0
1721070560772 18 0
1721070711035 19 0
1721070861301 20 0
1721071011581 21 0
1721071161835 22 0
1721071312134 23 0
1721071462572 24 0
1721071612955 25 0
1721071763373 26 0
1721071913779 27 0
1721072064196 28 0
1721072214535 29 0
1721072365084 30 0
1721072515366 31 0
1721072665648 32 0
1721072815920 33 0
1721072966233 34 0
1721073116512 35 0
1721073266798 36 0
1721073417075 37 0
1721073567372 38 0
1721073717648 39 0
