1721068003736 0.01 0
1721068154377 0.01 0
1721068305027 0.01 0
1721068455347 0.01 0
1721068605983 0.01 0
1721068756435 0.01 0
1721068906735 0.01 0
1721069057292 0.01 0
1721069207699 0.01 0
1721069358091 0.01 0
1721069508502 0.01 0
1721069658822 0.01 0
1721069809070 0.01 0
1721069959326 0.01 0
1721070109851 0.01 0
1721070260098 0.01 0
1721070410525 0.01 0
1721070560772 0.01 0
1721070711035 0.01 0
1721070861301 0.01 0
1721071011581 0.01 0
1721071161835 0.01 0
1721071312134 0.01 0
1721071462572 0.005 0
1721071612955 0.005 0
1721071763373 0.005 0
1721071913779 0.005 0
1721072064196 0.005 0
1721072214535 0.005 0
1721072365084 0.005 0
1721072515366 0.005 0
1721072665648 0.005 0
1721072815920 0.0025 0
1721072966233 0.0025 0
1721073116512 0.0025 0
1721073266798 0.0025 0
1721073417075 0.0025 0
1721073567372 0.0025 0
1721073717648 0.0025 0
