1721068003736 51.19485092163086 0
1721068154377 67.25643157958984 0
1721068305027 65.5101089477539 0
1721068455347 74.67830657958984 0
1721068605983 79.06709289550781 0
1721068756435 79.5726089477539 0
1721068906735 80.60661315917969 0
1721069057292 72.28860473632812 0
1721069207699 74.81617736816406 0
1721069358091 78.81433868408203 0
1721069508502 68.10661315917969 0
1721069658822 84.14521789550781 0
1721069809070 84.28308868408203 0
1721069959326 86.76470184326172 0
1721070109851 85.61580657958984 0
1721070260098 88.62592315673828 0
1721070410525 61.71875 0
1721070560772 94.39338684082031 0
1721070711035 89.91268157958984 0
1721070861301 93.29044342041016 0
1721071011581 95.33547973632812 0
1721071161835 96.85202026367188 0
1721071312134 95.33547973632812 0
1721071462572 99.28768157958984 0
1721071612955 99.609375 0
1721071763373 99.70128631591797 0
1721071913779 98.96598815917969 0
1721072064196 99.7242660522461 0
1721072214535 99.7242660522461 0
1721072365084 99.65532684326172 0
1721072515366 99.93106842041016 0
1721072665648 99.97702026367188 0
1721072815920 99.77021789550781 0
1721072966233 100.0 0
1721073116512 100.0 0
1721073266798 100.0 0
1721073417075 100.0 0
1721073567372 100.0 0
1721073717648 100.0 0
