1721068003736 0.026371459750568167 0
1721068154377 0.0247499241548426 0
1721068305027 0.024301802410798913 0
1721068455347 0.02045358980403227 0
1721068605983 0.017556916264926687 0
1721068756435 0.017243055736317354 0
1721068906735 0.016403722412445965 0
1721069057292 0.0262188385514652 0
1721069207699 0.023882571388693416 0
1721069358091 0.01754681853687062 0
1721069508502 0.028669371324426988 0
1721069658822 0.014544672825757195 0
1721069809070 0.013222559409983018 0
1721069959326 0.012324625954908483 0
1721070109851 0.012720890781458686 0
1721070260098 0.00994612364207997 0
1721070410525 0.07597930291119744 0
1721070560772 0.005993735264329349 0
1721070711035 0.00934310520396513 0
1721070861301 0.0065591782331466675 0
1721071011581 0.004668599542449503 0
1721071161835 0.0033361230264691744 0
1721071312134 0.004612556275199442 0
1721071462572 0.0010284419883699978 0
1721071612955 0.00055146063951885 0
1721071763373 0.000495564192533493 0
1721071913779 0.0010875161079799429 0
1721072064196 0.000382994712494752 0
1721072214535 0.00040465894648257424 0
1721072365084 0.0005312976701294675 0
1721072515366 0.00017838384134366233 0
1721072665648 0.00011811132871491067 0
1721072815920 0.0003345362458597211 0
1721072966233 3.0460387386162492e-05 0
1721073116512 3.745715709074455e-05 0
1721073266798 5.853144616326865e-05 0
1721073417075 2.0110668094061755e-05 0
1721073567372 2.1742091870264095e-05 0
1721073717648 1.1200372896650259e-05 0
