1721045817612 1 0
1721045937444 2 0
1721046061717 3 0
1721046186002 4 0
1721046309813 5 0
1721046433699 6 0
1721046557497 7 0
1721046681336 8 0
1721046805175 9 0
1721046929394 10 0
1721047053252 11 0
1721047177019 12 0
1721047300893 13 0
1721047424663 14 0
1721047548465 15 0
1721047672277 16 0
1721047796275 17 0
1721047920066 18 0
1721048043831 19 0
1721048167690 20 0
1721048291574 21 0
1721048415403 22 0
1721048539238 23 0
1721048663074 24 0
1721048786990 25 0
1721048910871 26 0
1721049034720 27 0
1721049158593 28 0
1721049282492 29 0
1721049406562 30 0
1721049530369 31 0
1721049654217 32 0
1721049778056 33 0
1721049901919 34 0
1721050025762 35 0
