1721045817612 0.01 0
1721045937444 0.01 0
1721046061717 0.01 0
1721046186002 0.01 0
1721046309813 0.01 0
1721046433699 0.01 0
1721046557497 0.01 0
1721046681336 0.01 0
1721046805175 0.01 0
1721046929394 0.01 0
1721047053252 0.01 0
1721047177019 0.01 0
1721047300893 0.01 0
1721047424663 0.01 0
1721047548465 0.01 0
1721047672277 0.01 0
1721047796275 0.01 0
1721047920066 0.01 0
1721048043831 0.005 0
1721048167690 0.005 0
1721048291574 0.005 0
1721048415403 0.005 0
1721048539238 0.005 0
1721048663074 0.005 0
1721048786990 0.005 0
1721048910871 0.005 0
1721049034720 0.005 0
1721049158593 0.0025 0
1721049282492 0.0025 0
1721049406562 0.0025 0
1721049530369 0.0025 0
1721049654217 0.0025 0
1721049778056 0.0025 0
1721049901919 0.0025 0
1721050025762 0.0025 0
