1721045817612 0.07305988438454941 0
1721045937444 0.05419818413653497 0
1721046061717 0.05034740912518378 0
1721046186002 0.0686482644169093 0
1721046309813 0.07505427427397443 0
1721046433699 0.05144390936707219 0
1721046557497 0.0451789694078734 0
1721046681336 0.0538451803566345 0
1721046805175 0.04227447509765625 0
1721046929394 0.05175658785549037 0
1721047053252 0.04296733532444577 0
1721047177019 0.04159363609398423 0
1721047300893 0.03297503496008165 0
1721047424663 0.03476992392452001 0
1721047548465 0.03322723782810338 0
1721047672277 0.034959187806752334 0
1721047796275 0.03900602206972692 0
1721047920066 0.035025586061372085 0
1721048043831 0.02618601401353674 0
1721048167690 0.028281790743894683 0
1721048291574 0.020847552816806243 0
1721048415403 0.021433927036299476 0
1721048539238 0.017239139528732017 0
1721048663074 0.01643629883488166 0
1721048786990 0.018889170291239044 0
1721048910871 0.01637877045522317 0
1721049034720 0.009253705119734761 0
1721049158593 0.003983627826085389 0
1721049282492 0.0040993708086189745 0
1721049406562 0.004937006538644488 0
1721049530369 0.0032749776470705153 0
1721049654217 0.0030222598916930027 0
1721049778056 0.007339573434358153 0
1721049901919 0.0034675978646507124 0
1721050025762 0.0021598187319906877 0
