1721045817612 51.752769470214844 0
1721045937444 62.8690071105957 0
1721046061717 67.94280242919922 0
1721046186002 61.02398681640625 0
1721046309813 68.91143798828125 0
1721046433699 70.3413314819336 0
1721046557497 72.00184631347656 0
1721046681336 68.31181335449219 0
1721046805175 76.19926452636719 0
1721046929394 71.7712173461914 0
1721047053252 74.53874206542969 0
1721047177019 75.64575958251953 0
1721047300893 83.85608673095703 0
1721047424663 82.01107025146484 0
1721047548465 83.25646209716797 0
1721047672277 81.50369262695312 0
1721047796275 77.72140502929688 0
1721047920066 80.35055541992188 0
1721048043831 86.39299011230469 0
1721048167690 86.2546157836914 0
1721048291574 91.14391326904297 0
1721048415403 89.5295181274414 0
1721048539238 92.89668273925781 0
1721048663074 92.20479583740234 0
1721048786990 90.91328430175781 0
1721048910871 92.80442810058594 0
1721049034720 96.03321075439453 0
1721049158593 98.47785949707031 0
1721049282492 98.89299011230469 0
1721049406562 98.2933578491211 0
1721049530369 98.98524475097656 0
1721049654217 98.84686279296875 0
1721049778056 96.7712173461914 0
1721049901919 99.03136444091797 0
1721050025762 99.49262237548828 0
