1721119675729 1 0
1721119726510 2 0
1721119777328 3 0
1721119827861 4 0
1721119878614 5 0
1721119929332 6 0
1721119979909 7 0
1721120030519 8 0
1721120081065 9 0
1721120131678 10 0
1721120188982 11 0
1721120265124 12 0
1721120321809 13 0
1721120372545 14 0
1721120423084 15 0
1721120473652 16 0
1721120537283 17 0
1721120610701 18 0
1721120661226 19 0
1721120711772 20 0
1721120762336 21 0
1721120812870 22 0
1721120877275 23 0
1721120951996 24 0
1721121002497 25 0
1721121053263 26 0
1721121103822 27 0
1721121154593 28 0
1721121223290 29 0
1721121299299 30 0
1721121349782 31 0
1721121400316 32 0
1721121450863 33 0
1721121513747 34 0
1721121589651 35 0
1721121644753 36 0
1721121695301 37 0
1721121745860 38 0
1721121814479 39 0
1721121890382 40 0
1721121948147 41 0
1721121998684 42 0
1721122049233 43 0
1721122118872 44 0
1721122194786 45 0
1721122257482 46 0
1721122308334 47 0
1721122358887 48 0
1721122429029 49 0
1721122504914 50 0
1721122565713 51 0
1721122616248 52 0
1721122666805 53 0
