1721119675729 0.01 0
1721119726510 0.01 0
1721119777328 0.01 0
1721119827861 0.01 0
1721119878614 0.01 0
1721119929332 0.01 0
1721119979909 0.01 0
1721120030519 0.01 0
1721120081065 0.01 0
1721120131678 0.01 0
1721120188982 0.01 0
1721120265124 0.01 0
1721120321809 0.01 0
1721120372545 0.01 0
1721120423084 0.01 0
1721120473652 0.01 0
1721120537283 0.01 0
1721120610701 0.01 0
1721120661226 0.01 0
1721120711772 0.01 0
1721120762336 0.01 0
1721120812870 0.01 0
1721120877275 0.01 0
1721120951996 0.01 0
1721121002497 0.01 0
1721121053263 0.01 0
1721121103822 0.01 0
1721121154593 0.01 0
1721121223290 0.01 0
1721121299299 0.01 0
1721121349782 0.01 0
1721121400316 0.01 0
1721121450863 0.01 0
1721121513747 0.01 0
1721121589651 0.01 0
1721121644753 0.01 0
1721121695301 0.005 0
1721121745860 0.005 0
1721121814479 0.005 0
1721121890382 0.005 0
1721121948147 0.005 0
1721121998684 0.005 0
1721122049233 0.005 0
1721122118872 0.005 0
1721122194786 0.005 0
1721122257482 0.0025 0
1721122308334 0.0025 0
1721122358887 0.0025 0
1721122429029 0.0025 0
1721122504914 0.0025 0
1721122565713 0.0025 0
1721122616248 0.0025 0
1721122666805 0.0025 0
