1721119675729 0.03208375678342931 0
1721119726510 0.02639124673955581 0
1721119777328 0.027628048377878526 0
1721119827861 0.025331136058358586 0
1721119878614 0.025892969440011418 0
1721119929332 0.024779970155042762 0
1721119979909 0.024827848462497488 0
1721120030519 0.02531619632945341 0
1721120081065 0.023600785171284396 0
1721120131678 0.024150368045358098 0
1721120188982 0.02293096044484307 0
1721120265124 0.023280210354748893 0
1721120321809 0.024076293496524587 0
1721120372545 0.02335187792778015 0
1721120423084 0.021515876054763794 0
1721120473652 0.01995767214718987 0
1721120537283 0.03512263999265783 0
1721120610701 0.030947597587809843 0
1721120661226 0.02004788553013521 0
1721120711772 0.01920791233287138 0
1721120762336 0.018915139576968026 0
1721120812870 0.018514093230752385 0
1721120877275 0.016770546927171594 0
1721120951996 0.016591201810275808 0
1721121002497 0.01702038330190322 0
1721121053263 0.01633122388054343 0
1721121103822 0.015556812286376953 0
1721121154593 0.019158356329974008 0
1721121223290 0.0171640322488897 0
1721121299299 0.01857474446296692 0
1721121349782 0.017792752560447243 0
1721121400316 0.017120918806861427 0
1721121450863 0.014841437339782715 0
1721121513747 0.012734111617593205 0
1721121589651 0.016922065440346214 0
1721121644753 0.018175286405226764 0
1721121695301 0.012026921791188857 0
1721121745860 0.01001770531429964 0
1721121814479 0.009521265240276562 0
1721121890382 0.009071321171872756 0
1721121948147 0.008769834742826573 0
1721121998684 0.010363718166070826 0
1721122049233 0.005804974366636837 0
1721122118872 0.008096986833740683 0
1721122194786 0.005796622265787686 0
1721122257482 0.0031130007084678203 0
1721122308334 0.0022182035095551435 0
1721122358887 0.002773536040502436 0
1721122429029 0.0019291562630849727 0
1721122504914 0.0018767541383995728 0
1721122565713 0.0020926169612828422 0
1721122616248 0.0018391409779296203 0
1721122666805 0.002509617191903731 0
