1721119675729 62.59191131591797 0
1721119726510 51.240806579589844 0
1721119777328 52.389705657958984 0
1721119827861 62.27021789550781 0
1721119878614 62.72978210449219 0
1721119929332 62.6838264465332 0
1721119979909 64.93566131591797 0
1721120030519 61.35110092163086 0
1721120081065 68.61213684082031 0
1721120131678 66.9117660522461 0
1721120188982 67.92279815673828 0
1721120265124 67.78492736816406 0
1721120321809 65.30330657958984 0
1721120372545 68.2444839477539 0
1721120423084 69.66911315917969 0
1721120473652 72.88603210449219 0
1721120537283 68.52021789550781 0
1721120610701 60.29411697387695 0
1721120661226 73.20771789550781 0
1721120711772 75.73529815673828 0
1721120762336 74.58639526367188 0
1721120812870 77.57353210449219 0
1721120877275 80.28492736816406 0
1721120951996 79.9632339477539 0
1721121002497 78.53860473632812 0
1721121053263 81.57169342041016 0
1721121103822 80.79044342041016 0
1721121154593 76.70036315917969 0
1721121223290 80.37683868408203 0
1721121299299 79.50367736816406 0
1721121349782 77.48161315917969 0
1721121400316 78.6305160522461 0
1721121450863 83.45588684082031 0
1721121513747 85.52389526367188 0
1721121589651 79.77941131591797 0
1721121644753 79.09008026123047 0
1721121695301 88.18933868408203 0
1721121745860 89.15441131591797 0
1721121814479 89.52205657958984 0
1721121890382 92.14154815673828 0
1721121948147 90.94669342041016 0
1721121998684 89.20036315917969 0
1721122049233 94.39338684082031 0
1721122118872 91.6819839477539 0
1721122194786 94.53125 0
1721122257482 97.70220184326172 0
1721122308334 98.62133026123047 0
1721122358887 97.47242736816406 0
1721122429029 98.48345184326172 0
1721122504914 98.80514526367188 0
1721122565713 98.66728210449219 0
1721122616248 98.52941131591797 0
1721122666805 97.79411315917969 0
